230.0463187
174.0068925
6.0
36.0
36.0
613.0
305.0
308.0
199.0
50.0
56.0
3862.0
5323.0
6169.0
8719.0
1818.0
2303.0
3755.0
4574.0
4954.0
5359.0
6008.0
6511.0
6817.0
14551.0
21937.0
26547.0
30300.0
34557.0
36480.0
39620.0
42096.0
54483.05524
80544.9121
94348.85742
108469.8276
124507.9509
130175.6514
139678.0373
148091.3862
118137.2489
150682.409
222708.2047
270673.8283
298518.2873
327058.2429
368425.3158
409462.137
426348.1881
788.4512987
1025.788604
1580.324273
1958.342209
2093.842044
2275.9484
2630.238908
2943.563651
3118.528136
103133.9888
94855.11429
180800.385
273412.8119
312431.7547
323669.5997
360483.4311
420631.09
468225.6693
11.81818182
3.52
35.67741935
141.4952675
230.6158097
1.632084467
175.0135834
717.5670319
82.91075148
296.0429383
95.0288
25.74219075
266.2292951
376.5644372
113.0420737
21.25
16.32147942
17.27978052
8.036882808
19.75
4876.309951
54.6029305
102.5
462.1381753
437.5027084
339.4982164
23045.2026
271.837603
463.5890203
2402.074486
2018.609543
1590.014542
28414.26687
202.92435
1206.537741
1055.632272
1602.737645
125.2344567
2.692543814
1.471087068
10.27106076
8.909434462
847.4834487
15.27159663
-2.130867167
112.4898768
14.62528231
300.7724038
21.82615634
5.353151011
0.68231405
16.99271592
75.23199134
51.7749429
0.398215853
1.581353124
6.77185744
11679.29522
624.0
316.0
553.0
36.0
71.0
565.0
59.0
30.0
6.0
36.0
10.0
0.833333333
1.087146609
1.478181659
2.447623679
0.767564543
0.848576865
0.97026236
11.61017757
1.789025493
51.51351926
74.73637321
113.3907675
20.21071896
25.08694701
29.79070189
143.6961846
132.976885
101.1908117
79.70055264
60.33789575
39.00791221
26.86845906
103.4973852
81.47082839
54.41552481
36.81137693
22.60029002
14.10770205
8.912654879
383.3333333
357.7509783
360.3684099
381.8049365
703.2171384
0.757575758
0.724134695
0.688665677
1.170465912
55.0
30.0
6.0
8.0
8.0
36.44169008
6.534910342
53.30181883
-0.906252834
4.074854726
56.09761298
74.65254092
9.079183402
86.25091467
56971.0
7137.06
0.493333333
1.931923197
3.960916135
5.389976248
6.645810182
7.405805959
7.814145731
1002.959381
2097.506131
3145.613485
3956.699293
4488.181018
4790.071333
7.623594191
5.838036688
4.128236762
2.805095151
2.127077215
1.823279747
23.52414484
37.86086187
1027.324824
541.3318846
1.0
1.948423527
3258.47
1764.024914
230.5336137
295.6040381
116.3422894
270.990004
208.670893
116.5157352
78.66132799
215.371721
59.17906046
438.9660186
181.9910121
687.5581691
269.3917178
82.26476341
57.09440718
91.73668767
185.2909403
78.99324839
169.4716152
57.33667477
160.9034556
57.50141148
-0.642682429
40.72004956
9.266263364
32.09681566
439.0
542.0
667.0
765.0
823.0
912.0
1029.0
1066.0
1122.0
7986.0
5.930918047
6.345197668
6.614893146
6.899912102
7.171704825
7.127693699
7.252098246
7.501028169
7.531016332
7.588481893
9.439952954
637.614244
377.441756
12.0
9.0
6.0
9.0
9.0
6.0
6.0
8.0
8.0
8.0
8.0
3.5399
1086.5901
40.88888889
23.66666667
23.31944444
11.61174603
11.3589144
6.1125
5.662020202
0.346153846
0.14379085
0.071428571
0.058666667
0.037037037
0.03125
0.024691358
0.02
0.637481106
120.0
60.0
316.0
7.320526962
8.152774053
9.026297334
9.881088558
10.75579428
11.62065816
12.4970281
13.36743279
14.24538922
717.8669895
6.450470422
7.778630147
4.510859507
9.262268465
6.767343125
10.82179625
8.768263145
12.42650452
371.7861356
4294.279029
8.693060668
1934845.0
488.0
1510.0
1736.0
68.27777778
