8.244243363
8.565998736
1.0
0.0
0.0
23.0
12.0
10.0
6.0
2.0
3.0
136.0
170.0
152.0
0.0
64.0
72.0
101.0
105.0
90.0
68.0
45.0
15.0
2.0
539.0
749.0
725.0
592.0
508.0
240.0
49.0
2.0
1000.0
1000.0
1000.0
1000.0
1000.0
688.345938
88.787664
2.032128
1000.0
1000.0
1000.0
1000.0
1000.0
1000.0
1000.0
725.8581417
62.16748886
26.81554905
32.20097442
43.70388395
47.01604619
40.59707997
33.39826996
23.16997159
7.318673292
0.88922581
1000.0
1000.0
1000.0
1000.0
1000.0
1000.0
1000.0
1000.0
369.835304
4.886075949
2.348837209
18.05063291
70.55319049
168.3351461
1.142878432
161.2949977
9.352941176
-359.5847536
-189.1687028
-680.6543275
-789.8280832
-210.3274666
12.0
0.25
-17.32270408
-11.42177275
-18.66132917
-102.1053387
-54.87013963
201.3333333
-99.0
-475.4045605
-401.8668252
-311.1387654
-741.4047161
947.0323053
-430.1950266
-2225.586533
-1787.645163
-1455.621921
-3509.487254
914.2780001
-3553.207801
-1137.591359
-2714.363277
-4638.002353
4.01923608
-1.417922256
-13.28579236
-4.184562767
-4.921219421
28.23118646
-103.6743994
-269.1821009
-28.81458779
-138.1432905
-11.78271877
-248.1780903
3.234180638
0.430801249
7.170488889
34.14001418
39.67908814
0.170953234
1.205805048
0.637034921
179.4903018
22.0
11.0
19.0
0.0
2.0
19.0
2.0
0.0
0.0
0.0
0.0
0.181818182
0.0
0.0
0.0
0.0
0.0
0.0
0.22553736
0.0186339
1.308895192
1.185480696
1.457869667
0.340000306
0.29623218
0.237211326
5.447264863
4.888161991
3.013952803
1.516182463
0.870014113
0.384900179
0.0
3.400502961
2.260324262
1.145148679
0.574647706
0.251300624
0.093245669
0.0
15.33333333
14.33552577
13.79906167
13.71133533
26.70485511
0.544303797
0.496016837
0.587241279
1.12272157
0.0
0.0
0.0
0.0
1.0
0.0
-14.88684334
0.0
-51.82586147
0.0
0.0
0.0
0.0
8.227211829
105.0
11.05
0.0
1.446406185
2.632938479
3.420796175
3.557295874
3.728724445
3.87314068
40.61317805
75.509775
92.04192499
96.04192499
98.04192499
98.04192499
2.710378106
1.179105021
0.470588235
0.193548387
0.127659574
0.127659574
13.78154155
24.20747603
40.75147007
23.86328333
0.0
-14.11420379
127.6
70.14007488
0.0
0.0
0.0
14.69560176
4.899909731
0.0
0.0
0.0
0.0
0.0
0.0
5.969305288
0.0
0.0
0.0
0.0
0.0
0.0
0.0
0.0
8.693362623
0.0
-58.57466128
-41.56313491
-13.42152309
-3.883327787
14.0
13.0
10.0
8.0
4.0
0.0
0.0
0.0
0.0
78.0
2.63905733
2.944438979
2.890371758
2.708050201
2.63905733
1.791759469
0.0
0.0
0.0
0.0
4.624972813
22.89793
12.63607
0.0
0.0
0.0
0.0
0.0
0.0
0.0
0.0
0.0
0.0
0.0
-15.4939
40.8737
1.333333333
0.402777778
0.4
0.0
0.0
0.0
0.0
0.145833333
0.061465721
0.032986111
0.030661376
0.017361111
0.0
0.0
0.0
0.382337716
6.0
3.0
11.0
3.931825633
4.65396035
5.442417711
6.196444128
6.985641818
7.747164967
8.512582579
9.268137471
10.03543644
85.90881395
3.135494216
4.369447852
0.0
5.758901774
0.0
7.184629153
0.0
8.62101252
41.18500411
172.0847922
5.953757222
192.0
11.0
50.0
52.0
2.777777778
